1 + 1

x <- c(10, 20)
x / 2

